-------- District 3 - Solution 0 --------
x    = 0.0, 0.0, 1064939.57, 737896.38, 1320816.83, 1321356.46, 0.0, 1759935.57, 0.0, 297318.41, 3404180.14, 991913.5, 3000978.98, 869676.79, 2351765.14, 3757721.85, 1693263.7, 1750756.04, 2545230.8, 3044975.65, 2040385.17, 3645898.1, 3710568.96, 1604905.13, 
f(x) = -1.2289517

-------- District 3 - Solution 1 --------
x    = 0.0, 0.0, 616856.93, 732892.13, 1312469.23, 1387531.03, 0.0, 0.0, 0.0, 177088.74, 2161300.38, 875326.25, 1754535.72, 815264.14, 1957447.04, 2427954.91, 1697554.59, 1756538.22, 1240332.17, 1623876.98, 1582046.44, 2299214.23, 2462503.31, 1622254.21, 
f(x) = -1.2317288

-------- District 3 - Solution 2 --------
x    = 0.0, 0.0, 0.0, 527131.9, 633496.7, 297658.8, 0.0, 0.0, 0.0, 21582.49, 417476.09, 0.0, 0.0, 97610.77, 0.0, 1015297.1, 1045650.3, 937277.83, 0.0, 0.0, 0.0, 911025.43, 976305.99, 792191.67, 
f(x) = -1.2355057

