-------- District 7 - Solution 0 --------
x    = 0.0, 0.0, 1118133.47, 687851.51, 1324155.84, 1353351.96, 0.0, 1941649.55, 0.0, 237207.41, 3366355.72, 830116.66, 3003245.75, 766575.84, 2316722.09, 3751494.1, 1719008.66, 1743688.89, 2616671.13, 3090755.25, 2020354.79, 3615320.76, 3689126.55, 1668516.89, 
f(x) = -1.2350316

-------- District 7 - Solution 1 --------
x    = 0.0, 0.0, 602952.33, 695358.59, 1312469.23, 1335354.67, 0.0, 0.0, 0.0, 169573.37, 2185793.07, 922886.97, 1704588.65, 806672.31, 1950769.76, 2417180.04, 1703990.88, 1723772.09, 1141702.36, 1557104.43, 1666846.01, 2320483.38, 2471090.13, 1605868.97, 
f(x) = -1.2381912

-------- District 7 - Solution 2 --------
x    = 0.0, 0.0, 0.0, 409464.77, 608430.95, 371709.49, 0.0, 0.0, 0.0, 0.0, 450374.34, 0.0, 0.0, 5774.34, 194718.61, 1030992.44, 1041355.69, 993013.03, 0.0, 0.0, 0.0, 890841.81, 943109.34, 749911.2, 
f(x) = -1.2422116

