-------- District 5 - Solution 0 --------
x    = 0.0, 0.0, 1182834.78, 757912.81, 1325825.35, 1323356.22, 0.0, 1915692.77, 0.0, 105687.88, 3366355.72, 949898.13, 3073512.29, 803808.35, 2370120.57, 3772441.79, 1699700.03, 1717347.22, 2613269.36, 3062143.15, 2017850.96, 3656939.63, 3699133.06, 1602977.43, 
f(x) = -1.225842

-------- District 5 - Solution 1 --------
x    = 0.0, 0.0, 554283.69, 730389.99, 1325825.35, 1365349.9, 0.0, 0.0, 0.0, 98171.37, 2193586.12, 821896.32, 1718210.88, 778032.19, 2002517.58, 2425686.53, 1703275.74, 1762962.82, 1267228.52, 1672098.37, 1541339.39, 2341751.97, 2455347.59, 1611652.03, 
f(x) = -1.2283489

-------- District 5 - Solution 2 --------
x    = 0.0, 0.0, 0.0, 449524.98, 636838.74, 401875.4, 0.0, 0.0, 0.0, 0.0, 511143.42, 0.0, 0.0, 89958.29, 20944.12, 1016044.51, 1052807.92, 975006.74, 0.0, 0.0, 0.0, 853836.83, 934202.74, 765766.77, 
f(x) = -1.2318722

