-------- District 4 - Solution 0 --------
x    = 0.0, 0.0, 1176364.94, 772924.57, 1274069.08, 1345353.22, 0.0, 1725319.0, 0.0, 255992.92, 3365243.22, 934892.05, 2980577.81, 852494.26, 2400156.02, 3767346.45, 1683251.54, 1716062.24, 2620072.9, 3121274.27, 1902668.61, 3645898.1, 3699847.81, 1616471.22, 
f(x) = -1.2433867

-------- District 4 - Solution 1 --------
x    = 0.0, 0.0, 436539.79, 752908.78, 1299112.88, 1319356.7, 0.0, 0.0, 0.0, 233450.22, 2222531.41, 871216.45, 1706859.04, 869676.79, 1977478.63, 2424552.34, 1700415.17, 1737906.64, 1240332.17, 1679516.8, 1561693.18, 2321334.14, 2474906.48, 1579844.78, 
f(x) = -1.2469009

-------- District 4 - Solution 2 --------
x    = 0.0, 0.0, 0.0, 502098.82, 656890.66, 281201.72, 0.0, 0.0, 0.0, 0.0, 528154.07, 0.0, 0.0, 0.0, 20944.12, 1021276.33, 1045650.3, 983581.22, 0.0, 0.0, 0.0, 860565.17, 981163.95, 727007.88, 
f(x) = -1.2506648

