-------- District 0 - Solution 0 --------
x    = 0.0, 0.0, 1163425.07, 765418.75, 1275738.7, 1285359.83, 0.0, 2146616.71, 0.0, 188361.58, 3374143.17, 904878.96, 3107510.03, 855358.05, 2326734.51, 3763949.55, 1708996.84, 1737906.64, 2579250.79, 3031623.02, 2017850.96, 3623814.59, 3711998.44, 1608760.51, 
f(x) = -1.2215279

-------- District 0 - Solution 1 --------
x    = 0.0, 0.0, 454156.65, 742900.57, 1300782.44, 1335354.67, 0.0, 0.0, 0.0, 214663.81, 2184679.77, 1003917.45, 1722751.57, 703562.84, 1999179.08, 2444400.5, 1698984.88, 1729554.43, 1352603.67, 1694353.48, 1444387.95, 2311975.79, 2462980.36, 1587555.72, 
f(x) = -1.2240807

-------- District 0 - Solution 2 --------
x    = 0.0, 0.0, 0.0, 419480.14, 658561.63, 336056.71, 0.0, 0.0, 0.0, 0.0, 524373.95, 0.0, 0.0, 67000.24, 9608.83, 1028002.88, 1035629.52, 973291.83, 0.0, 0.0, 0.0, 886356.47, 962541.66, 728769.71, 
f(x) = -1.2276456

