-------- District 1 - Solution 0 --------
x    = 0.0, 0.0, 1071886.59, 702865.54, 1257372.76, 1311357.58, 0.0, 1915692.77, 0.0, 124478.62, 3395280.36, 934892.05, 3071245.73, 800944.37, 2328403.23, 3774140.22, 1701130.31, 1757180.68, 2630278.1, 3096477.61, 2025362.42, 3626362.71, 3709139.48, 1611652.03, 
f(x) = -1.2427162

-------- District 1 - Solution 1 --------
x    = 0.0, 0.0, 286770.41, 652816.9, 1340850.69, 1339354.1, 0.0, 0.0, 0.0, 150784.41, 2184679.77, 772571.63, 1779508.11, 749390.99, 2030894.33, 2435894.2, 1707566.57, 1737264.16, 1168602.94, 1698062.61, 1544731.73, 2315378.84, 2463457.4, 1609724.35, 
f(x) = -1.2463093

-------- District 1 - Solution 2 --------
x    = 0.0, 0.0, 0.0, 444517.64, 646864.76, 470428.05, 0.0, 0.0, 0.0, 0.0, 575404.33, 0.0, 0.0, 21081.42, 0.0, 1037718.9, 1024892.81, 989583.3, 0.0, 0.0, 0.0, 858322.4, 981973.6, 785145.16, 
f(x) = -1.2498683

