-------- District 6 - Solution 0 --------
x    = 0.0, 0.0, 1435107.61, 687851.51, 1299112.88, 1415935.41, 0.0, 1396392.03, 0.0, 289804.96, 3360793.23, 898876.2, 3050846.34, 806672.31, 2396818.79, 3775272.51, 1696839.44, 1732124.35, 2575848.86, 3052605.67, 2012843.3, 3653542.25, 3695559.32, 1611652.03, 
f(x) = -1.2230439

-------- District 6 - Solution 1 --------
x    = 0.0, 0.0, 480580.73, 657822.01, 1280747.51, 1319356.7, 0.0, 0.0, 0.0, 271020.8, 2199152.56, 898876.2, 1736373.5, 858221.82, 1980817.19, 2428522.01, 1719008.66, 1719274.69, 1308981.76, 1720317.04, 1602399.18, 2310274.26, 2469181.95, 1604905.13, 
f(x) = -1.225148

-------- District 6 - Solution 2 --------
x    = 0.0, 0.0, 0.0, 399449.18, 658561.63, 363482.14, 0.0, 0.0, 0.0, 66687.04, 420466.91, 0.0, 0.0, 17254.69, 36057.42, 1018286.72, 1027755.95, 1000729.88, 0.0, 0.0, 0.0, 912146.72, 969828.68, 742864.13, 
f(x) = -1.2283852

