-------- District 2 - Solution 0 --------
x    = 0.0, 0.0, 1215183.0, 795441.3, 1327494.84, 1285359.83, 0.0, 1846470.85, 0.0, 203391.6, 3387493.0, 943895.74, 3003245.75, 752255.16, 2376795.19, 3763949.55, 1697554.59, 1728911.95, 2552034.91, 3060235.66, 1987804.61, 3648446.16, 3726293.13, 1601049.73, 
f(x) = -1.2447112

-------- District 2 - Solution 1 --------
x    = 0.0, 0.0, 515810.56, 727887.83, 1285756.29, 1313357.37, 0.0, 0.0, 0.0, 169573.37, 2205832.27, 858886.85, 1731832.88, 755119.32, 1985825.01, 2404136.58, 1736886.58, 1755253.29, 1373045.67, 1664679.87, 1415284.98, 2292407.99, 2470613.09, 1584664.13, 
f(x) = -1.2484664

-------- District 2 - Solution 2 --------
x    = 0.0, 0.0, 0.0, 504602.18, 676942.06, 278458.82, 0.0, 0.0, 0.0, 0.0, 552724.48, 0.0, 0.0, 24908.13, 0.0, 1040708.41, 1034197.96, 981008.89, 0.0, 0.0, 0.0, 896448.43, 964970.68, 704103.58, 
f(x) = -1.252254

